473 -12 5201 80 -12 23
5075 -17 686 1 -17 100
7673 -155 123 23 -155 100
415 39 5075 59 39 20
5109 -61 5458 -100 -61 100
7382 -124 5690 136 -124 100
1308 -5 2103 132 -5 65
6461 -101 3275 10 -101 100
7353 -58 1495 139 -58 100
2302 -21 204 14 -21 100
2091 -13 7905 163 -13 100
3058 -1 5801 56 -1 100
2778 2 5342 4 2 100
1715 127 1266 -140 127 85
1188 -179 4 -142 -179 59
4904 146 7636 -162 146 100
1234 5 7848 -81 5 61
280 93 1375 -42 93 14
2243 -57 6068 -129 -57 100
2063 -121 6273 11 -121 100
4048 82 7370 49 82 100
4060 -67 410 71 -67 100
4728 48 4763 -7 48 100
6510 -23 4732 -175 -23 100
7828 151 5915 -22 151 100
3862 108 7093 147 108 100
565 47 3924 -50 47 28
1051 -38 7761 89 -38 52
6368 -176 1533 -131 -176 100
61 38 5505 139 38 3
7779 -95 379 102 -95 100
5973 -144 4950 60 -144 100
2739 168 7818 -108 168 100
5974 -101 5697 -33 -101 100
7949 -140 4965 20 -140 100
6335 -47 5784 42 -47 100
6140 109 4908 -125 109 100
2612 -35 1406 -173 -35 100
5798 -40 3434 28 -40 100
7356 135 6575 152 135 100
878 -126 4095 -31 -126 43
1008 61 735 114 61 50
2730 125 4955 117 125 100
962 119 435 29 119 48
6944 177 6692 -101 177 100
746 -94 6554 144 -94 37
2494 -125 1409 -93 -125 100
765 6 5472 -11 6 38
3014 -20 4510 13 -20 100
4570 153 778 -78 153 100
1983 -104 6182 -77 -104 99
4367 -149 1429 -110 -149 100
4507 159 3732 12 159 100
7262 157 7965 -60 157 100
2666 103 477 48 103 100
2145 49 4776 -167 49 100
573 -108 2283 138 -108 28
6566 154 1064 137 154 100
5799 -86 3414 -69 -86 100
7430 -171 1267 167 -171 100
5080 10 4586 -177 10 100
6976 64 6223 -5 64 100
2164 -168 557 -178 -168 100
7243 -77 1348 -2 -77 100
1343 166 4645 154 166 67
191 -165 2625 -113 -165 9
7750 78 981 145 78 100
7580 79 4844 -73 79 100
2555 -87 4005 42 -87 100
442 -126 4652 109 -126 22
7593 13 6542 -93 13 100
7185 -109 28 162 -109 100
6482 89 2461 54 89 100
6746 -147 6095 -49 -147 100
1279 -176 1591 -99 -176 63
5915 -80 7178 106 -80 100
6949 41 936 -22 41 100
3949 23 6899 -71 23 100
4011 -89 6764 -95 -89 100
4504 -53 7139 113 -53 100
5256 130 5675 -81 130 100
2714 -77 7328 -14 -77 100
3411 71 5092 -33 71 100
5738 -73 5567 -94 -73 100
430 -179 3844 -122 -179 21
6529 37 7395 11 37 100
2603 24 3595 6 24 100
2867 9 6743 74 9 100
6685 -74 7949 152 -74 100
1339 -166 7228 32 -166 66
514 -37 2178 176 -37 25
3474 153 2784 -56 153 100
410 -72 5063 -161 -72 20
555 -133 6906 178 -133 27
5657 82 3207 66 82 100
1098 -139 676 -45 -139 54
1578 28 1507 25 28 78
6131 168 1181 -88 168 100
6860 178 7890 -86 178 100
5599 59 789 -14 59 100